12
1 12
0 2 13
1 14




19




0 13 24
1 12 14 25
2 13 26

17 28
16 18
17 19 30
7 18 20 31
19 32

23 34
22 35
12 25
13 24 26 37
14 25 38

16 40

18 31
19 30 32
20 31 44

22 35 46
23 34

25 38
26 37 50

28 52



32 56

34 58



38 51 62
50 52 63
40 51 64

55 66
54 56 67
44 55 68

46 70


62
50 61 63
51 62 64
52 63

54 67 78
55 66 68 79
56 67 69
68 70
58 69







66 79 90
67 78 91





86
85 87
86 88 99
87 89 100
88 90 101
78 89 91 102
79 90 92
91 93
92 94
93 95 106
94 107



87 100 111
88 99 101
89 100 102 113
90 101 114



94 107 118
95 106 119
109
108 110 121
109 111 122
99 110 123

101 114 125
102 113 126

117 128
116 118 129
106 117 119
107 118

109 122
110 121 123
111 122 135

113 126
114 125 127
126 128
116 127 129 140
117 128





123




128

143
142
140