14
1 14
0 2 15
1 3
2 4 17
3 18

7 20
6 8 21
7 22





0 15 28
1 14

3 18
4 17

6 21
7 20 22
8 21 23
22 24
23 25 38
24 26 39
25 40

14 42









24 39 52
25 38 40 53
26 39 54

28 56

45 58
44 46
45 47 60
46 48
47 49
48 50
49 51
50 52 65
38 51 53
39 52 54
40 53 68

42 57
56 58
44 57

46 74




51 79

53 68
54 69
68 83




60 75
74 76
75 77
76 78 91
77 79 92
65 78



69 97
85 98
84 86 99
85




77 92 105
78 91 106


96
95 97
83 96
84 99 112
85 98 113


103 116
102 104
103 105
91 104 106
92 105 107
106 121




98 113
99 112 114
113 128

102 130




107 135

124
123 125 138
124


114 142

116 131 144
130 132 145
131 133 146
132 134 147
133 135 148
121 134 149

123 138 151
124 137 152


142
128 141 143
142 144
130 143 145 
131 144 146
132 145 147 160
133 146 148 161
134 147 149
135 148 150
149 151
137 150 152
138 151







146 161 174
147 160 175







170
169 171
170 172
171 173
172 174 187
160 173 175 188
161 174 176
175 177
176 178
177 192

194






173 188
174 187



178 193
192 194
180 193

84